7080
10280
12640
9560
11720
8760
10360
10520
9800
11560
11000
12720
9560
12000
10240
10640
10960
7640
12120
10240
9160
9000
11840
12280
7840
9880
9480
12000
9720
9360
12440
9800
7720
12000
7600
11880
8400
9720
9240
11960
9440
8200
9440
10760
9720
10280
10880
8960
10880
10480
10560
11000
11000
10680
10200
10440
7920
8760
11120
12480
10240
9920
8680
11760
8480
12880
12000
11240
12040
12080
10600
9040
10360
9800
10800
11240
12000
10200
10560
7840
10480
9920
11680
9480
12680
9760
10240
9600
10680
9720
10400
9800
9800
7480
10000
8080
11560
8440
12000
8440
10480
12000
7200
10680
9160
8400
9200
10680
8920
9080
12080
11800
9040
11200
7520
9080
12280
9320
9480
10200
10600
9640
11360
8560
9240
9680
9640
12360
10240
7400
11160
7800
11520
10880
11520
11040
11800
9080
11680
10160
10360
10120
10960
10160
10200
10720
9280
10760
11240
8280
10600
10160
9280
8880
9720
9760
10160
12480
9280
12440
8000
9800
11040
10360
11720
12800
11600
9720
11800
8480
9320
10560
10120
9360
10560
10640
9640
9680
10680
11920
9560
8520
7120
11960
9960
10040
7880
9480
9520
7680
11920
9080
11920
8120
11320
12120
11920
11480
12160
7760
7280
11760
9560
9760
10440
10440
10400
11280
10360
9760
10360
11960
10360
9160
9160
7040
12360
12080
10960
9680
11000
8560
9720
9880
10560
10440
9920
10920
12000
11200
8320
11600
7440
7280
11160
12000
10040
10560
12960
11440
8840
10680
10440
9600
8480
9280
9280
9920
8520
12000
11800
11240
12960
9080
9600
11320
7000
9840
8520
10240
8120
10280
10600
11400
8560
9800
8200
12000
11560
10680
8976
